# view point P
8,-15
# Lines
-10,-10;-10,0
-10,-10;-7,-10
-7,-10;-5,-9
-5,-9;-4,-7
-10,0;-7,0
-7,0;-5,-1
-4,-3;-5,-1
-4,-7;-4,-3
-2,-10;-2,0
4,-10;4,0
4,-10;1,-3
-2,-10;1,-3
6,-6;7,-5
6,-4;7,-5
6,-4;6,-1
6,-1;7,0
6,-9;6,-6
6,-9;7,-10
7,-10;11,-10
11,-10;12,-9
12,-6;12,-9
11,-5;12,-6
11,-5;12,-4
12,-1;12,-4
11,0;12,-1
7,0;11,0
7,-5;11,-5
14,-8;16,-10
16,0;16,-10
14,0;18,0
20,-9;21,-10
21,-10;25,-10
26,-9;25,-10
20,-6;20,-9
21,-5;20,-6
21,-5;25,-5
25,-5;26,-6
26,-1;26,-9
25,0;26,-1
21,0;25,0
20,-1;21,0
7,-30;7,-20
7,-25;2,-25
1,-30;1,-26
10,-30;9,-29
14,-30;10,-30
15,-29;14,-30
15,-26;15,-29
15,-26;14,-25
10,-23;9,-22
14,-25;10,-23
9,-20;9,-22
15,-20;9,-20
2,-25;1,-26
-5,-20;-10,-18
26,-18;21,-20
-5,-30;-10,-32
26,-32;21,-30
-7,-27;-11,-28
-7,-23;-11,-22
27,-22;23,-23
27,-28;23,-27
