10.02275,47.142579;10.432111,47.367067
10.035955,49.862851;10.577369,49.876056
10.062366,46.627576;10.630189,46.970911
10.234033,47.723608;9.3624898,48.093354
10.247238,48.397073;10.392496,48.81964
10.300059,49.202591;10.405701,49.50631
10.392496,48.81964;9.3492845,48.885666
10.405701,49.50631;10.035955,49.862851
10.432111,47.367067;10.234033,47.723608
10.432111,50.153365;10.788652,50.179776
10.577369,49.876056;10.432111,50.153365
10.630189,46.970911;10.02275,47.142579
10.709421,45.729622;11.118782,46.059752
10.788652,50.179776;10.854678,50.655163
10.854678,46.389882;10.062366,46.627576
10.854678,50.655163;11.079166,50.206186
10.920704,45.082567;11.686606,45.188209
100.02289,76.403639;100.48601,76.403639
100.10239,23.382671;97.281203,23.498837
100.16877,25.988121;100.10239,23.382671
100.35865,74.30801;100.42812,74.78271
100.387,35.844375;102.12441,33.889791
100.40033,43.930645;103.87607,43.798655
100.40033,44.590595;100.40033,43.930645
100.42812,74.78271;99.89553,74.898491
100.46091,59.104954;99.617237,59.311893
100.48601,76.403639;100.61337,77.399353
100.49275,60.075975;100.46091,59.104954
100.59942,82.3919;100.65668,82.964464
100.61337,77.399353;102.09536,77.387775
100.65668,82.964464;64.041237,83.164861
100.79033,32.721178;97.470638,32.61776
100.79033,33.900133;100.79033,32.721178
101.24336,8.003342;99.563535,8.080576
101.58126,14.365446;101.24336,8.003342
101.88769,82.277388;100.59942,82.3919
101.91632,83.164861;101.88769,82.277388
102.00274,76.114188;102.709,75.998407
102.09536,77.387775;102.00274,76.114188
102.12441,33.889791;100.79033,33.900133
102.69742,74.273276;100.35865,74.30801
102.70132,72.840794;103.68605,72.850444
102.709,75.998407;102.69742,74.273276
102.75925,71.701601;102.70132,72.840794
103.67635,74.259954;105.64581,74.288917
103.67639,71.76918;102.75925,71.701601
103.68605,72.850444;103.67635,74.259954
103.80173,33.693084;106.30221,35.479107
103.87607,43.798655;104.33803,44.546598
104.04325,67.444108;103.67639,71.76918
104.31316,59.853118;100.49275,60.075975
104.33803,44.546598;107.48379,44.5246
104.36092,59.391485;104.31316,59.853118
104.66801,40.432912;96.484632,40.960872
104.822,39.992946;104.66801,40.432912
104.82255,62.575161;105.04541,63.339244
104.8703,58.754749;104.88622,59.43924
104.88622,59.43924;104.36092,59.391485
105.04541,63.339244;109.2001,60.6172
105.64581,74.288917;105.74235,70.079695
105.74235,70.079695;107.52837,69.896266
105.96591,39.904953;104.822,39.992946
105.98791,40.476909;105.96591,39.904953
106.30221,35.479107;114.10279,36.676225
106.73669,75.476385;107.39317,75.65016
106.89116,74.211687;106.73669,75.476385
107.38347,77.947855;110.46315,78.044396
107.39317,75.65016;107.38347,77.947855
107.48379,44.5246;107.59378,45.778504
107.52837,69.896266;107.52837,70.523787
107.52837,70.523787;109.45921,70.514137
107.59378,45.778504;108.34173,45.756506
107.608,42.061289;96.484632,40.960872
107.69245,74.076529;106.89116,74.211687
107.70215,73.304195;107.69245,74.076529
107.76745,58.834341;104.8703,58.754749
107.79698,43.287138;107.84441,42.652746
107.79929,57.576789;107.76745,58.834341
107.84441,42.652746;107.608,42.061289
108.07775,40.652896;105.98791,40.476909
108.08254,43.902035;107.79698,43.287138
108.10001,80.445184;108.12863,82.993092
108.12021,44.524245;108.08254,43.902035
108.12863,82.993092;101.91632,83.164861
108.13124,59.378523;108.17867,59.993507
108.17867,59.993507;108.23343,60.638795
108.23343,60.638795;108.51561,60.680874
108.34173,45.756506;108.07775,40.652896
108.4168,58.783033;108.13124,59.378523
108.4201,57.322095;107.79929,57.576789
108.43573,33.316571;103.80173,33.693084
108.45447,58.228918;108.4168,58.783033
108.51561,60.680874;108.4201,57.322095
108.578903647,57.618908568;111.71747094,58.043344808
108.72549,73.381428;107.70215,73.304195
108.83169,72.686327;108.72549,73.381428
109.2001,60.6172;108.51561,60.680874
109.45921,70.514137;109.53644,72.889065
109.53644,72.889065;108.83169,72.686327
109.73905,17.087896;108.43573,33.316571
109.98044,74.974368;116.98938,74.337192
11.079166,50.206186;11.211218,50.641958
11.118782,46.059752;10.854678,46.389882
11.131987,45.439108;11.330065,45.663596
11.211218,50.641958;11.514938,50.457085
11.330065,45.663596;10.709421,45.729622
11.514938,50.457085;11.739427,50.760805
11.686606,45.188209;11.131987,45.439108
11.739427,50.760805;11.937505,50.245802
11.752632,44.778847;10.920704,45.082567
11.884684,44.237434;12.294045,44.66
11.937505,50.245802;12.043146,50.77401
110.05781,69.809382;110.98461,69.510102
110.27575,80.416556;108.10001,80.445184
110.36163,82.678182;110.27575,80.416556
110.46315,78.044396;109.98044,74.974368
110.52103,31.154063;112.38428,14.230287
110.52121,72.165002;110.05781,69.809382
110.58757,29.837204;115.45827,30.721146
110.59874,30.392346;115.32294,31.249701
110.67226,29.292035;115.57959,30.182624
110.75291,67.019324;104.04325,67.444108
110.75416,28.74354;115.73473,29.647422
110.83079,28.199201;115.83884,29.108069
110.92634,27.656522;115.94354,28.567051
110.98461,69.510102;110.75291,67.019324
110.99353,27.111353;116.0474,28.028529
111.22427,44.677151;111.99345,42.192778
111.52052,81.151142;115.85569,81.162733
111.56688,80.073145;111.52052,81.151142
111.69794,58.041481;112.45541,60.481894
111.71747094,58.043344808;115.182612582,59.171043106
111.99345,42.192778;113.40124,45.492526
112.35545,66.913128;112.73196,68.988777
112.38428,14.230287;101.58126,14.365446
112.45541,60.481894;113.79256,57.07536
112.73196,68.988777;116.67087,68.71846
114.10279,36.676225;116.18809,37.477522
115.15915,32.097701;115.91023,28.007655
115.182612582,59.171043106;115.73994,55.067551
115.32294,31.249701;110.58757,29.837204
115.45827,30.721146;110.67226,29.292035
115.57959,30.182624;110.75416,28.74354
115.73473,29.647422;110.83079,28.199201
115.73994,55.067551;119.1607,53.323928
115.83884,29.108069;110.92634,27.656522
115.85569,81.162733;115.87887,79.841317
115.87887,79.841317;111.56688,80.073145
115.91023,28.007655;127.08936,44.153763
115.94354,28.567051;110.99353,27.111353
116.0474,28.028529;115.15915,32.097701
116.18809,37.477522;122.55019,41.686744
116.41984,49.23224;117.51879,45.646514
116.66122,65.503618;112.35545,66.913128
116.66127,71.624368;110.52121,72.165002
116.67087,68.71846;116.66127,71.624368
116.98938,74.337192;117.7424,75.196414
117.20177,76.741082;117.36589,77.967163
117.26102,80.903235;117.7477,81.218145
117.36589,77.967163;118.78505,77.986471
117.37554,79.958505;117.26102,80.903235
117.51879,45.646514;116.41984,49.23224
117.7424,75.196414;117.7424,76.538345
117.7424,76.538345;117.20177,76.741082
117.7477,81.218145;117.7477,82.477785
117.7477,82.477785;110.36163,82.678182
118.77535,75.775664;158.74365,52.287048
118.78505,77.986471;118.77535,75.775664
118.80694,79.700851;117.37554,79.958505
118.83557,85.168834;118.80694,79.700851
119.1607,53.323928;115.73994,55.067551
12.043146,50.77401;12.214814,50.206186
12.148788,49.136565;14.274826,48.581946
12.214814,50.206186;12.439302,50.575932
12.294045,44.66;11.752632,44.778847
12.373276,43.894099;12.558149,44.224229
12.425585,65.961122;13.56693,66.564097
12.439302,50.575932;12.624175,50.047724
12.558149,44.224229;11.884684,44.237434
12.624175,50.047724;12.743022,50.721189
12.663791,43.894099;12.373276,43.894099
12.743022,43.418711;12.663791,43.894099
12.743022,50.721189;12.927895,49.78362
12.927895,43.841278;12.743022,43.418711
12.927895,49.78362;13.033537,50.44388
120.83182,61.661255;123.4481,64.3065
122.55019,41.686744;123.22599,43.057637
122.79162,59.508373;120.83182,61.661255
123.22599,43.057637;123.77627,42.980403
123.4481,64.3065;116.66122,65.503618
123.7087,41.957061;138.42166,38.732565
123.77627,42.980403;123.7087,41.957061
123.83426,44.62163;124.71279,45.654627
123.90185,56.930708;126.2092,58.040938
124.40386,46.069757;124.65487,46.67797
124.5873,62.839065;126.103,60.7248
124.65487,46.67797;125.39824,46.513849
124.71279,45.654627;124.40386,46.069757
124.819,60.946846;122.79162,59.508373
124.85761,54.661976;123.90185,56.930708
124.95414,44.254771;123.83426,44.62163
125.01195,37.718904;110.52103,31.154063
125.31136,60.213128;124.819,60.946846
125.39824,46.513849;125.41755,47.402033
125.41755,47.402033;128.84478,47.421342
125.60098,54.623359;124.85761,54.661976
125.61068,54.14065;125.60098,54.623359
125.82303,58.678114;127.09738,59.382869
125.96771,39.00291;125.01195,37.718904
126.103,60.7248;125.31136,60.213128
126.2092,58.040938;125.82303,58.678114
126.84676,39.682934;127.65478,44.090456
127.08936,44.153763;126.84676,39.682934
127.09738,59.382869;127.61871,58.475376
127.22276,38.114725;125.96771,39.00291
127.41218,39.619627;128.22022,44.063418
127.61871,58.475376;132.32995,61.101313
127.65478,44.090456;127.41218,39.619627
127.97762,39.592589;128.78566,44.03638
128.22022,44.063418;127.97762,39.592589
128.54306,39.565551;129.3511,43.955265
128.78566,44.03638;128.54306,39.565551
128.84478,47.421342;128.85448,48.106788
128.85448,48.106788;130.78532,48.174368
128.9993,54.14065;125.61068,54.14065
129.1085,39.484436;129.91653,43.982304
129.3511,43.955265;129.1085,39.484436
129.40473,67.019324;124.5873,62.839065
129.52062,53.300736;128.9993,54.14065
129.67393,39.511475;130.48197,43.982303
129.91653,43.982304;129.67393,39.511475
13.033537,50.44388;13.191999,49.902467
13.059947,43.141402;12.927895,43.841278
13.093164,66.951723;13.739209,66.994793
13.165589,43.431917;13.059947,43.141402
13.191999,49.902467;13.390077,50.14016
13.297641,43.114992;13.165589,43.431917
13.390077,50.14016;13.522129,49.770415
13.469308,43.326275;13.297641,43.114992
13.522129,49.770415;13.733412,49.876056
13.56693,66.564097;13.093164,66.951723
13.56693,67.360885;17.809288,67.317815
13.733412,49.876056;14.103158,49.096949
13.739209,66.994793;13.56693,67.360885
13.759823,43.022555;13.469308,43.326275
13.957901,43.524353;13.759823,43.022555
130.23937,39.511474;131.0474,43.901189
130.48197,43.982303;130.23937,39.511474
130.78532,48.174368;129.52062,53.300736
130.8048,39.43036;131.60847,44.203134
131.0474,43.901189;130.8048,39.43036
131.37461,39.290643;132.17198,44.333353
131.60847,44.203134;131.37461,39.290643
131.94196,39.2145;132.74045,43.979059
132.17198,44.333353;131.94196,39.2145
132.32995,61.101313;129.40473,67.019324
132.50435,39.18442;133.30561,43.951736
132.74045,43.979059;132.50435,39.18442
133.07007,39.127639;133.86965,44.004414
133.30561,43.951736;133.07007,39.127639
133.63691,39.032978;134.43585,43.924063
133.86965,44.004414;133.63691,39.032978
134.20157,39.033673;135.00038,43.923161
134.43585,43.924063;134.20157,39.033673
134.76792,38.936987;135.56631,43.896606
135.00038,43.923161;134.76792,38.936987
135.33287,38.962013;136.13105,43.949993
135.56631,43.896606;135.33287,38.962013
135.89899,38.94171;136.69683,43.788108
136.13105,43.949993;135.89899,38.94171
136.29768,30.864437;136.53904,37.448587
136.46409,38.816672;137.26178,43.787627
136.53904,37.448587;127.22276,38.114725
136.69683,43.788108;136.46409,38.816672
137.03,38.764604;137.81128,45.826601
137.26178,43.787627;137.03,38.764604
137.3404,32.013256;141.86821,31.569164
137.51423,43.79137;124.95414,44.254771
137.57216,45.741515;137.51423,43.79137
137.61136,38.748535;138.37624,45.853157
137.72538,45.77362;145.79818,44.878018
137.72656,37.091354;137.3404,32.013256
137.81128,45.826601;137.61136,38.748535
137.9004,47.826813;138.77893,47.546842
138.07417,52.470473;137.9004,47.826813
138.07652,38.71571;145.40194,38.12044
138.17728,38.700984;138.9422,45.691457
138.24789,37.043084;137.72656,37.091354
138.37624,45.853157;138.17728,38.700984
138.42166,38.732565;138.24789,37.043084
138.74218,38.620801;139.50784,45.664613
138.75962,45.751165;137.57216,45.741515
138.77893,47.546842;138.75962,45.751165
138.9422,45.691457;138.74218,38.620801
139.00091,36.946542;139.13607,38.655331
139.13607,38.655331;142.97844,38.220893
139.30742,38.623597;140.07395,45.476032
139.50784,45.664613;139.30742,38.623597
139.87217,38.538741;140.63973,45.395264
14.076748,43.03576;13.957901,43.524353
14.103158,49.096949;12.148788,49.136565
14.142774,43.352685;14.076748,43.03576
14.26162,42.98294;14.142774,43.352685
14.274826,48.581946;14.512519,48.2122
14.380467,43.260249;14.26162,42.98294
14.512519,48.2122;15.252011,47.129374
14.684187,42.824477;14.380467,43.260249
14.842649,43.33948;14.684187,42.824477
14.974702,42.771656;14.842649,43.33948
140.07395,45.476032;139.87217,38.538741
140.13051,45.596698;140.16913,47.546842
140.16913,47.546842;143.59636,47.402029
140.43725,38.509827;141.20508,45.31405
140.63973,45.395264;140.43725,38.509827
141.0028,38.413799;141.77041,45.259875
141.20508,45.31405;141.0028,38.413799
141.56833,38.344808;142.33541,45.259432
141.77041,45.259875;141.56833,38.344808
141.86821,31.569164;141.91648,32.524928
141.91648,32.524928;143.06532,32.389769
142.13421,38.27769;142.90045,45.232003
142.3123,35.768732;142.3123,36.512104
142.3123,36.512104;139.00091,36.946542
142.33541,45.259432;142.13421,38.27769
142.70003,38.190987;143.46952,45.235645
142.90045,45.232003;142.70003,38.190987
142.97844,38.220893;143.02671,38.780836
143.02671,38.780836;144.60034,38.587752
143.06532,32.389769;143.19083,35.768732
143.19083,35.768732;142.3123,35.768732
143.26182,38.727835;144.0357,45.128237
143.46952,45.235645;143.26182,38.727835
143.59636,47.402029;143.78945,47.961972
143.73152,51.939493;138.07417,52.470473
143.78945,47.961972;144.66798,47.894392
143.82652,38.724033;144.59992,45.154059
143.96322,51.350588;143.73152,51.939493
144.0307,31.43401;153.3856,31.24093
144.0357,45.128237;143.82652,38.724033
144.29136,36.280407;144.0307,31.43401
144.39316,38.579631;145.16199,45.043413
144.59064,38.008501;145.21817,37.998851
144.59992,45.154059;144.39316,38.579631
144.60034,38.587752;144.59064,38.008501
144.66798,47.894392;144.77417,51.234738
144.77417,51.234738;143.96322,51.350588
144.92864,47.208946;145.83613,46.735891
144.96197,37.972757;145.72886,44.800624
145.12162,36.212828;144.29136,36.280407
145.13138,51.833297;144.92864,47.208946
145.16199,45.043413;144.96197,37.972757
145.21817,37.998851;145.12162,36.212828
145.40194,38.12044;161.53643,34.654397
145.52598,37.944816;137.72538,45.77362
145.72886,44.800624;145.52598,37.944816
145.79818,44.878018;138.07652,38.71571
145.81682,44.911251;140.13051,45.596698
145.83613,46.735891;145.81682,44.911251
15.133164,43.31307;14.974702,42.771656
15.252011,47.129374;16.427274,46.244625
15.357652,43.048966;15.133164,43.31307
15.582141,43.511148;15.357652,43.048966
15.648167,42.850888;15.582141,43.511148
15.677342,48.733274;19.661281,65.05666
15.872655,42.652809;15.648167,42.850888
151.82848,35.758552;151.92539,37.091018
151.92539,37.091018;154.44496,36.703391
152.55528,44.40747;152.60374,45.715709
152.60374,45.715709;155.14754,45.328083
153.25054,51.051309;145.13138,51.833297
153.3856,31.24093;153.59799,30.507213
153.59799,30.507213;160.17249,29.860383
153.65602,50.327245;153.25054,51.051309
154.44496,36.703391;154.49342,35.516285
154.49342,35.516285;151.82848,35.758552
154.76625,50.211395;153.65602,50.327245
155.03657,50.858225;154.76625,50.211395
155.14754,44.140976;152.55528,44.40747
155.14754,45.328083;155.14754,44.140976
158.74365,52.287048;159.2167,52.470477
158.76296,52.644252;159.67045,52.760102
158.90777,53.37797;159.4291,53.49382
158.93673,53.686904;159.93111,53.947566
158.97535,54.575088;159.58356,54.67163
159.16843,54.884022;159.5546,55.212264
159.18774,52.953186;159.49668,53.291082
159.2167,52.470477;158.76296,52.644252
159.29394,55.328114;159.75734,55.55016
159.35186,54.198575;159.62218,54.362696
159.40013,55.78186;159.6608,56.032869
159.40979,56.274223;160.15316,56.476961
159.4291,53.49382;158.93673,53.686904
159.49668,53.291082;158.90777,53.37797
159.5546,55.212264;159.29394,55.328114
159.58356,54.67163;159.16843,54.884022
159.62218,54.362696;158.97535,54.575088
159.6608,56.032869;159.40979,56.274223
159.67045,52.760102;159.18774,52.953186
159.75734,55.55016;159.40013,55.78186
159.85388,56.699007;160.2497,56.795549
159.93111,53.947566;159.35186,54.198575
16.017913,43.101786;15.872655,42.652809
16.16317,42.639604;16.017913,43.101786
16.242401,43.141402;16.16317,42.639604
16.427274,46.244625;17.536511,45.782443
16.572531,42.903708;16.242401,43.141402
16.757404,43.31307;16.572531,42.903708
16.968687,42.441526;16.757404,43.31307
160.15316,56.476961;159.85388,56.699007
160.17249,29.860383;160.52969,32.177386
160.24,57.172062;160.4717,56.95967
160.2497,56.795549;160.24,57.172062
160.4717,56.95967;160.54893,57.529267
160.52969,32.177386;171.08171,30.922342
160.54893,57.529267;160.94475,57.152754
160.7517,34.735743;160.7614,35.459806
160.7614,35.459806;170.65694,34.233726
160.90614,57.548575;161.35023,58.562264
160.94475,57.152754;160.90614,57.548575
160.96411,28.547434;136.29768,30.864437
161.12224,32.070603;162.10118,34.605088
161.34062,30.854783;160.96411,28.547434
161.35023,58.562264;161.53366,57.799584
161.53366,57.799584;161.72674,58.388489
161.53643,34.654397;161.12224,32.070603
161.68699,32.021294;162.66593,34.447299
161.72674,58.388489;161.9681,58.127826
161.9681,58.127826;162.06464,58.774656
162.06464,58.774656;162.41219,58.43676
162.07636,43.365723;162.10059,44.673963
162.10059,44.673963;164.66861,44.359016
162.10118,34.605088;161.68699,32.021294
162.25174,31.863505;163.23069,34.407852
162.41219,58.43676;162.97213,59.489065
162.56682,50.15347;155.03657,50.858225
162.66593,34.447299;162.25174,31.863505
162.8165,31.824058;163.79544,34.328957
162.97213,59.489065;163.24245,58.822927
163.03988,49.448715;162.56682,50.15347
163.22314,59.353906;163.63827,59.54699
163.23069,34.407852;162.8165,31.824058
163.23279,59.66284;163.70585,59.952466
163.24245,58.822927;163.67689,59.189785
163.38125,31.745163;164.36019,34.269786
163.45484,60.261399;163.77343,60.435175
163.49346,60.579987;163.79274,60.830996
163.52242,61.053042;163.84101,61.130275
163.58034,61.25578;164.36233,61.361976
163.63827,59.54699;163.23279,59.66284
163.67689,59.189785;163.22314,59.353906
163.70585,59.952466;163.45484,60.261399
163.77343,60.435175;163.49346,60.579987
163.77343,61.506788;164.24648,61.83503
163.79274,60.830996;163.52242,61.053042
163.79544,34.328957;163.38125,31.745163
163.84101,61.130275;163.58034,61.25578
163.946,31.685992;164.92494,34.190892
163.9472,62.25016;164.49749,62.288777
164.01495,49.27494;163.03988,49.448715
164.02444,62.588056;164.52645,62.568748
164.22717,61.584022;163.77343,61.506788
164.24648,61.83503;163.9472,62.25016
164.36019,34.269786;163.946,31.685992
164.36233,61.361976;164.22717,61.584022
164.43974,49.979695;164.01495,49.27494
164.49749,62.288777;164.02444,62.588056
164.51075,31.607098;165.48969,34.131722
164.52645,62.568748;164.58438,63.022494
164.58438,63.022494;164.76781,62.761832
164.66861,44.359016;164.74129,43.09923
164.74129,43.09923;162.07636,43.365723
164.76781,62.761832;165.0864,62.983878
164.92494,34.190892;164.51075,31.607098
165.0755,31.547928;166.05445,34.072551
165.0864,62.983878;165.39533,62.703906
165.28913,62.172931;165.30844,61.796418
165.30844,61.796418;165.54014,61.584026
165.39533,62.423939;165.86838,62.288781
165.39533,62.703906;165.89735,62.694256
165.48969,34.131722;165.0755,31.547928
165.54014,61.584026;165.70426,62.163276
165.56927,55.56946;165.71409,55.308798
165.60789,54.970901;165.97475,54.507501
165.64026,31.488757;166.6192,33.993655
165.70426,62.163276;165.87804,61.574372
165.71409,55.308798;165.60789,54.970901
165.83959,54.401305;166.38988,54.111679
165.86838,62.288781;165.28913,62.172931
165.87804,61.574372;166.16766,62.385323
165.89735,62.694256;165.39533,62.423939
165.91682,55.830123;165.56927,55.56946
165.97475,54.507501;165.83959,54.401305
166.05445,34.072551;165.64026,31.488757
166.06164,56.361103;165.91682,55.830123
166.10991,56.843812;166.06164,56.361103
166.16766,62.385323;166.36075,62.037772
166.20501,31.409861;167.18396,33.875314
166.3223,53.889633;166.87259,53.648279
166.36075,62.037772;166.56348,62.597715
166.38988,54.111679;166.3223,53.889633
166.38988,56.814849;166.10991,56.843812
166.52504,57.172054;166.38988,56.814849
166.56348,62.597715;166.66968,62.057081
166.6192,33.993655;166.20501,31.409861
166.65054,57.027241;166.52504,57.172054
166.66968,62.057081;166.89173,62.58806
166.76977,31.29152;167.74871,33.835867
166.77605,53.368308;167.05602,53.291074
166.87259,53.030411;167.22979,52.895253
166.87259,53.648279;166.77605,53.368308
166.89173,62.58806;167.12343,61.70953
166.90155,57.413409;166.65054,57.027241
167.05602,53.291074;166.87259,53.030411
167.12343,61.70953;167.33582,62.143968
167.1236,57.249288;166.90155,57.413409
167.18152,52.567011;167.53873,52.557361
167.18396,33.875314;166.76977,31.29152
167.20083,57.500296;167.1236,57.249288
167.22979,52.895253;167.18152,52.567011
167.33452,31.252073;168.31346,33.756972
167.33582,62.143968;167.59648,61.844689
167.45184,52.287044;167.93455,52.267735
167.50976,57.500296;167.20083,57.500296
167.53873,52.557361;167.45184,52.287044
167.59648,61.844689;167.77026,62.481864
167.66423,58.002313;167.50976,57.500296
167.74871,33.835867;167.33452,31.252073
167.77026,62.481864;167.87645,61.883305
167.86697,57.838192;167.66423,58.002313
167.87645,61.883305;168.05988,62.404631
167.87662,52.026381;168.16625,52.180848
167.89927,31.173178;168.87821,33.697801
167.93455,52.267735;167.87662,52.026381
168.05988,62.404631;168.24331,61.960539
168.16625,52.180848;168.30141,51.437476
168.24331,61.960539;168.4364,62.250164
168.30141,51.437476;168.55242,51.292663
168.31346,33.756972;167.89927,31.173178
168.4076,58.504331;167.86697,57.838192
168.4364,62.250164;168.52328,61.912268
168.46402,31.114007;169.44296,33.717525
168.52328,61.912268;168.65844,62.143968
168.54276,58.311247;168.4076,58.504331
168.55242,51.292663;169.50818,51.263701
168.65844,62.143968;168.75498,61.748147
168.75498,61.748147;168.94807,62.172931
168.87821,33.697801;168.46402,31.114007
168.94807,62.172931;169.257,61.902614
169.00616,58.764994;168.54276,58.311247
169.02877,31.133731;170.00772,33.599184
169.17028,58.591218;169.00616,58.764994
169.257,61.902614;169.35354,62.115006
169.35354,62.115006;169.52732,61.574372
169.44296,33.717525;169.02877,31.133731
169.45025,49.468024;164.43974,49.979695
169.49852,58.977386;169.17028,58.591218
169.50818,51.263701;169.45025,49.468024
169.52732,61.574372;169.67213,62.095697
169.59353,31.01539;96.223199,17.242363
169.65299,58.755339;169.49852,58.977386
169.67213,62.095697;170.00037,61.719184
169.90388,30.005215;161.34062,30.854783
169.94262,58.900152;169.65299,58.755339
17.034713,42.930119;16.968687,42.441526
17.100739,48.502715;18.685364,50.906062
17.298817,42.467937;17.034713,42.930119
17.48369,42.771656;17.298817,42.467937
17.536511,45.782443;18.104335,45.808853
17.628948,48.410278;17.100739,48.502715
17.701614,65.121265;17.701614,65.724239
17.701614,65.724239;12.425585,65.961122
17.809288,67.317815;17.809288,68.093068
17.809288,68.093068;19.553607,68.028464
17.840231,42.547168;17.48369,42.771656
17.972283,42.969734;17.840231,42.547168
170.00037,61.719184;170.40585,61.757801
170.00772,33.599184;169.59353,31.01539
170.20328,58.610527;169.94262,58.900152
170.40585,61.757801;170.85959,62.617023
170.49279,23.816887;169.90388,30.005215
170.57014,58.793956;170.20328,58.610527
170.65694,34.233726;170.87898,36.096982
170.67624,42.632861;170.71486,43.965138
170.71486,43.965138;172.63604,43.598279
170.85959,62.617023;171.14922,61.806072
170.87898,36.096982;172.97394,35.604619
170.89838,58.349864;170.57014,58.793956
171.05276,49.342519;171.07207,51.09958
171.07207,51.09958;179.78979,50.250012
171.08171,30.922342;171.78647,23.807213
171.14922,61.806072;171.41954,61.690222
171.18787,33.316579;160.7517,34.735743
171.31339,22.735619;170.49279,23.816887
171.34247,58.57191;170.89838,58.349864
171.41954,61.690222;171.60297,62.617023
171.60297,62.617023;171.96017,61.728838
171.62244,58.195397;171.34247,58.57191
171.78647,23.807213;177.07696,21.113697
171.85414,58.407789;171.62244,58.195397
171.96017,61.728838;172.27876,62.163276
172.00861,58.234014;171.85414,58.407789
172.13412,58.581564;172.00861,58.234014
172.27876,62.163276;172.41392,61.680568
172.31755,58.407789;172.13412,58.581564
172.40443,58.620181;172.31755,58.407789
172.41392,61.680568;172.80974,62.443248
172.63604,43.598279;172.78086,44.052025
172.78086,44.052025;174.28691,44.042375
172.80974,62.443248;173.21521,61.535755
172.88714,58.87119;172.40443,58.620181
172.97394,35.604619;173.27322,36.203178
173.09944,49.149436;171.05276,49.342519
173.11875,48.531568;173.09944,49.149436
173.18642,59.238048;172.88714,58.87119
173.21521,61.535755;173.46622,61.970193
173.27322,36.203178;174.89512,36.164561
173.34089,58.996694;173.18642,59.238048
173.38916,59.160815;173.34089,58.996694
173.46622,61.970193;174.04547,61.603334
173.4663,42.140498;170.67624,42.632861
173.63042,41.599864;173.4663,42.140498
173.81394,58.87119;173.38916,59.160815
174.04547,61.603334;174.19994,62.201893
174.13253,59.189777;173.81394,58.87119
174.19994,62.201893;174.51853,61.641951
174.28691,44.042375;173.11875,48.531568
174.4125,58.890498;174.13253,59.189777
174.51853,61.641951;174.57645,62.047426
174.54766,59.035311;174.4125,58.890498
174.57645,62.047426;174.7985,61.497138
174.7985,61.497138;175.06882,61.960539
174.89512,36.164561;173.63042,41.599864
174.93383,58.822919;174.54766,59.035311
175.06882,61.960539;175.30052,61.120625
175.15587,59.083581;174.93383,58.822919
175.30052,61.120625;175.41637,61.699876
175.41637,61.699876;175.64807,61.526101
175.60962,58.764994;175.15587,59.083581
175.64807,61.526101;175.87977,61.931576
175.73512,59.044965;175.60962,58.764994
175.87977,61.931576;175.98596,61.333017
175.95717,58.822919;175.73512,59.044965
175.98596,61.333017;176.16939,61.94123
176.15025,58.977386;175.95717,58.822919
176.16939,61.94123;176.40109,61.574372
176.40109,61.574372;176.84518,61.873651
176.77778,58.301593;176.15025,58.977386
176.84518,61.873651;176.93207,61.24613
176.93207,61.24613;177.1155,61.748147
177.03844,58.436752;176.77778,58.301593
177.07696,21.113697;182.66672,23.961679
177.1155,61.748147;177.26031,61.70953
177.14451,19.810403;171.31339,22.735619
177.26031,61.70953;177.52098,61.47783
177.46322,57.770613;177.03844,58.436752
177.52098,61.47783;177.67544,61.979847
177.67544,61.979847;177.79129,61.47783
177.79129,61.47783;178.03265,62.028118
177.80112,57.934734;177.46322,57.770613
177.81073,48.666727;178.01347,35.073643
178.01347,35.073643;188.68134,36.299724
178.01351,56.843812;177.80112,57.934734
178.03265,62.028118;178.24504,61.0627
178.24504,61.0627;178.4864,61.622642
178.29348,56.486607;178.01351,56.843812
178.4576,56.612112;178.29348,56.486607
178.4864,61.622642;178.63121,61.207513
178.62172,56.264561;178.4576,56.612112
178.63121,61.207513;178.81464,61.82538
178.76654,56.901737;178.62172,56.264561
178.81464,61.82538;178.9691,61.255784
178.9691,61.255784;179.14288,61.786764
179.07547,57.336175;178.76654,56.901737
179.14288,61.786764;179.40354,61.323363
179.3651,57.674071;179.07547,57.336175
179.40354,61.323363;179.74144,61.535755
179.58714,57.442371;179.3651,57.674071
179.7223,57.799576;179.58714,57.442371
179.74144,61.535755;179.83798,61.101317
179.78019,48.444681;177.81073,48.666727
179.78979,50.250012;179.78019,48.444681
179.83798,61.101317;180.06003,61.584026
179.88642,57.480988;179.7223,57.799576
18.104335,45.808853;17.628948,48.410278
18.183566,42.560373;17.972283,42.969734
18.196771,43.00935;18.183566,42.560373
18.42126,43.352685;18.500491,43.03576
18.500491,43.03576;18.196771,43.00935
18.632543,43.590379;18.711774,43.352685
18.685364,50.906062;26.568871,52.120941
18.711774,43.352685;18.42126,43.352685
18.799889,72.163147;18.821424,73.498306
18.821424,73.498306;19.768955,73.476771
180.02158,57.818884;179.88642,57.480988
180.06003,61.584026;180.32069,61.275092
180.32069,61.275092;180.6972,61.47783
180.32086,57.538913;180.02158,57.818884
180.62014,57.886463;180.32086,57.538913
180.6972,61.47783;180.82271,61.149588
180.82271,61.149588;180.96752,61.757801
180.93873,58.330556;180.62014,57.886463
180.96752,61.757801;181.12199,61.043392
181.12199,61.043392;182.01017,61.806072
181.14146,58.060239;180.93873,58.330556
181.28628,58.34021;181.14146,58.060239
181.35382,48.348139;181.39243,50.085891
181.39243,50.085891;192.89056,49.04324
181.44074,58.089201;181.28628,58.34021
181.48901,58.22436;181.44074,58.089201
181.75951,41.561846;181.75951,42.872105
181.75951,42.872105;184.33562,42.538988
181.87518,58.205051;181.48901,58.22436
182.00069,57.915426;181.87518,58.205051
182.01017,61.806072;182.22256,61.439213
182.04886,30.236896;184.30794,30.381708
182.17446,58.098855;182.00069,57.915426
182.22256,61.439213;182.32876,61.873651
182.26135,57.876809;182.17446,58.098855
182.32876,61.873651;182.50253,61.188204
182.50253,61.188204;182.66665,61.699876
182.52201,57.983005;182.26135,57.876809
182.66665,61.699876;182.86939,61.323363
182.66672,23.961679;182.04886,30.236896
182.85987,47.508225;181.35382,48.348139
182.86939,61.323363;183.06248,61.931576
182.89852,57.731996;182.52201,57.983005
183.06248,61.931576;183.21694,61.313709
183.06265,57.92508;182.89852,57.731996
183.21694,61.313709;183.43899,61.902614
183.304,57.722342;183.06265,57.92508
183.37146,22.957665;177.14451,19.810403
183.39077,29.136339;183.9314,23.874812
183.43899,61.902614;183.72861,61.516447
183.70948,57.92508;183.304,57.722342
183.72861,61.516447;184.05686,61.82538
183.88321,47.411683;182.85987,47.508225
183.92173,34.803322;171.18787,33.316579
183.9314,23.874812;183.37146,22.957665
183.94588,34.431648;183.92173,34.803322
184.05686,61.82538;184.21132,61.207513
184.08595,48.048859;183.88321,47.411683
184.16322,57.548567;183.70948,57.92508
184.21132,61.207513;184.32717,61.748147
184.29824,30.903034;184.84853,30.922342
184.30794,30.381708;184.29824,30.903034
184.32717,61.748147;184.56853,61.168896
184.33562,42.538988;184.38003,41.295353
184.38003,41.295353;181.75951,41.561846
184.4625,57.625801;184.16322,57.548567
184.56853,61.168896;184.91608,62.018464
184.5687,57.172054;184.4625,57.625801
184.75213,57.27825;184.5687,57.172054
184.81005,56.9307;184.75213,57.27825
184.84853,30.922342;183.94588,34.431648
184.91608,62.018464;185.28294,61.110971
185.18657,57.133437;184.81005,56.9307
185.28294,61.110971;185.6691,61.999155
185.37965,56.583149;185.18657,57.133437
185.38935,55.926665;185.37965,56.583149
185.6691,61.999155;186.15181,61.082008
185.7369,55.859086;185.38935,55.926665
185.93964,55.530844;185.7369,55.859086
186.11342,56.21629;185.93964,55.530844
186.15181,61.082008;186.49936,61.082008
186.32581,56.679691;186.11342,56.21629
186.49936,61.082008;186.75037,61.815726
186.74094,56.409374;186.32581,56.679691
186.75037,61.815726;187.13654,61.612988
187.03056,56.525224;186.74094,56.409374
187.13654,61.612988;187.37789,61.989501
187.30088,56.110094;187.03056,56.525224
187.37789,61.989501;187.58063,61.497138
187.52293,56.225945;187.30088,56.110094
187.58063,61.497138;187.76406,61.912268
187.76406,61.912268;188.40124,61.2944
187.77394,55.839777;187.52293,56.225945
187.88013,55.98459;187.77394,55.839777
187.92823,33.509682;188.01512,29.676973
187.98633,55.617731;187.88013,55.98459
188.01512,29.676973;183.39077,29.136339
188.17924,33.036627;187.92823,33.509682
188.37249,55.250873;187.98633,55.617731
188.40124,61.2944;188.6619,61.806072
188.4399,33.355215;188.17924,33.036627
188.44973,55.405339;188.37249,55.250873
188.48817,33.239365;188.4399,33.355215
188.64264,33.500028;188.48817,33.239365
188.65247,55.144677;188.44973,55.405339
188.6619,61.806072;188.96118,60.869617
188.68134,36.299724;191.2397,37.091366
188.73918,33.258674;188.64264,33.500028
188.83572,33.625532;188.73918,33.258674
188.89382,55.52119;188.65247,55.144677
188.96118,60.869617;189.20253,61.333017
189.00002,54.507501;188.89382,55.52119
189.08673,33.277982;188.83572,33.625532
189.15448,54.633005;189.00002,54.507501
189.20253,61.333017;189.45354,61.149588
189.27982,34.011699;189.08673,33.277982
189.28964,53.899288;189.32826,54.45923
189.32826,54.45923;189.15448,54.633005
189.35722,52.798711;189.46342,53.204187
189.43428,33.519336;189.27982,34.011699
189.45354,61.149588;189.59835,61.699876
189.46342,53.204187;189.28964,53.899288
189.55996,52.624936;189.35722,52.798711
189.58892,52.209806;189.55996,52.624936
189.59835,61.699876;189.78178,61.130279
189.62737,33.606224;189.43428,33.519336
189.78178,61.130279;189.94591,61.632297
189.78183,33.29729;189.62737,33.606224
189.9363,33.837924;189.78183,33.29729
189.94591,61.632297;190.18726,61.188204
19.445933,59.737562;15.677342,48.733274
19.532072,72.120078;18.799889,72.163147
19.553607,68.028464;19.532072,72.120078
19.661281,65.05666;17.701614,65.121265
19.747421,74.467372;20.048908,73.993606
19.768955,73.476771;19.747421,74.467372
19.900243,50.034519;31.217103,40.764465
190.10059,51.978106;189.58892,52.209806
190.18726,61.188204;190.34173,61.439213
190.34173,61.439213;190.49619,61.091663
190.48676,51.447126;190.10059,51.978106
190.49619,61.091663;190.88236,61.36198
190.66053,51.64021;190.48676,51.447126
190.82449,33.461411;189.9363,33.837924
190.88236,61.36198;191.01752,61.130279
190.91154,51.22508;190.66053,51.64021
190.93076,40.721338;191.0273,41.831568
190.97895,33.953774;190.82449,33.461411
191.01752,61.130279;191.38438,61.313709
191.0273,41.831568;192.05065,47.257217
191.05636,51.389201;190.91154,51.22508
191.17204,33.432449;190.97895,33.953774
191.2397,37.091366;191.52932,40.663413
191.28806,50.896838;191.05636,51.389201
191.35547,33.760691;191.17204,33.432449
191.38438,61.313709;191.62573,60.464141
191.50045,51.089922;191.28806,50.896838
191.52932,40.663413;190.93076,40.721338
191.61613,33.171786;191.35547,33.760691
191.62573,60.464141;191.96363,60.985467
191.64526,50.259662;191.50045,51.089922
191.80921,33.664149;191.61613,33.171786
191.848,50.182429;191.64526,50.259662
191.96363,60.985467;192.15671,60.164861
192.02177,49.93142;191.848,50.182429
192.05065,47.257217;184.08595,48.048859
192.15671,60.164861;192.67804,60.145553
192.28222,59.711115;193.61449,59.373219
192.39829,49.998999;192.02177,49.93142
192.44639,33.59657;191.80921,33.664149
192.67804,60.145553;192.28222,59.711115
192.68774,33.818616;192.44639,33.59657
192.71687,49.661103;192.39829,49.998999
192.85186,33.268328;192.68774,33.818616
192.881,49.844532;192.71687,49.661103
192.89056,49.04324;192.90026,48.28056
192.90026,48.28056;194.07807,48.28056
192.94835,59.151173;193.41176,58.958089
192.97737,33.866887;192.85186,33.268328
192.99685,49.506636;192.881,49.844532
193.04508,37.255488;193.52779,36.792087
193.19941,33.384178;192.97737,33.866887
193.21889,49.545253;192.99685,49.506636
193.23798,58.687772;193.91377,58.678122
193.38284,33.886195;193.19941,33.384178
193.41176,58.958089;193.23798,58.687772
193.43106,58.243684;194.57991,57.732012
193.48921,49.690066;193.21889,49.545253
193.52779,36.792087;194.39666,37.023787
193.61449,59.373219;192.94835,59.151173
193.63385,33.693112;193.38284,33.886195
193.74022,49.371478;193.48921,49.690066
193.77866,34.137204;193.63385,33.693112
193.91377,58.678122;193.43106,58.243684
193.92343,57.307229;194.5606,57.28792
194.00066,53.947574;194.48337,54.102041
194.03933,33.577261;193.77866,34.137204
194.07807,48.28056;193.04508,37.255488
194.13582,55.656364;194.74403,55.366739
194.14547,57.017603;194.81161,56.380427
194.15535,49.361828;193.74022,49.371478
194.32895,33.895849;194.03933,33.577261
194.38683,55.077113;194.41579,54.333742
194.39666,37.023787;195.17865,36.63762
194.41579,54.333742;194.00066,53.947574
194.48337,54.102041;194.62818,53.628987
194.5606,57.28792;194.14547,57.017603
194.56082,49.15909;194.15535,49.361828
194.57991,57.732012;193.92343,57.307229
194.59927,33.722074;194.32895,33.895849
194.62818,53.628987;194.84057,54.082733
194.74403,55.366739;194.38683,55.077113
194.79235,34.050316;194.59927,33.722074
194.81161,56.380427;194.13582,55.656364
194.84057,54.082733;194.90815,53.657949
194.90815,53.657949;195.07227,54.073079
194.96613,33.442103;194.79235,34.050316
195.07227,54.073079;195.32328,53.17524
195.11111,49.487332;194.56082,49.15909
195.14956,34.12755;194.96613,33.442103
195.17865,36.63762;195.48758,36.772779
195.25592,49.15909;195.11111,49.487332
195.32328,53.17524;195.85426,54.015154
195.32333,33.625532;195.14956,34.12755
195.48758,36.772779;195.88341,36.434882
195.53572,33.953774;195.32333,33.625532
195.59382,49.004623;195.25592,49.15909
195.64192,33.432449;195.53572,33.953774
195.68071,48.714998;195.59382,49.004623
195.8157,34.050316;195.64192,33.432449
195.85426,54.015154;196.01838,53.503482
195.88341,36.434882;196.08614,36.714853
195.9412,33.442103;195.8157,34.050316
195.96064,47.575805;196.25026,47.98128
196.01838,53.503482;196.34663,53.93792
196.03787,48.261251;196.04757,48.579839
196.04757,48.579839;195.68071,48.714998
196.08614,36.714853;196.54954,36.077678
196.25026,47.98128;196.03787,48.261251
196.28875,33.567607;195.9412,33.442103
196.34663,53.93792;196.59763,53.609678
196.39508,47.402029;195.96064,47.575805
196.42391,33.393832;196.28875,33.567607
196.51093,46.407649;196.39508,47.402029
196.54954,36.077678;197.0226,36.483153
196.56872,34.079279;196.42391,33.393832
196.59763,53.609678;196.94518,54.015154
196.66526,33.500028;196.56872,34.079279
196.93558,33.760691;196.66526,33.500028
196.94518,54.015154;197.2155,53.841378
197.0226,36.483153;197.38946,36.241799
197.09983,46.436611;196.51093,46.407649
197.2155,53.841378;197.43755,54.063425
197.32188,46.137332;197.09983,46.436611
197.38946,36.241799;198.13283,37.081712
197.42794,33.036627;196.93558,33.760691
197.43755,54.063425;197.65959,53.677257
197.50531,46.282145;197.32188,46.137332
197.59219,45.895977;197.50531,46.282145
197.65959,53.677257;197.96853,53.252474
197.82377,33.500028;197.42794,33.036627
197.92031,33.220057;197.82377,33.500028
197.96853,53.252474;198.16161,53.773799
198.11339,33.664149;197.92031,33.220057
198.13283,37.081712;198.54796,36.888629
198.16161,53.773799;198.3547,53.455211
198.28717,33.287636;198.11339,33.664149
198.3547,53.455211;198.52847,53.976537
198.46107,45.799436;197.59219,45.895977
198.4706,33.519336;198.28717,33.287636
198.52847,53.976537;198.68294,53.484174
198.54796,36.888629;198.81828,37.207217
198.63472,33.094552;198.4706,33.519336
198.68294,53.484174;198.87602,53.957229
198.7216,33.538645;198.63472,33.094552
198.81828,37.207217;199.19479,36.975516
198.87602,53.957229;199.18495,53.020773
198.89551,45.056064;198.89551,45.673931
198.89551,45.673931;198.46107,45.799436
199.07881,33.123515;198.7216,33.538645
199.18495,53.020773;199.407,53.561407
199.19479,36.975516;199.68715,37.989205
199.2141,44.698859;199.26237,44.998139
199.26237,44.998139;198.89551,45.056064
199.32982,33.934466;199.07881,33.123515
199.407,53.561407;199.56147,53.242819
199.47463,33.528991;199.32982,33.934466
199.54234,44.254767;199.2141,44.698859
199.56147,53.242819;199.79317,53.879995
199.66771,33.760691;199.47463,33.528991
199.68715,37.989205;200.44983,38.597418
199.74508,43.598283;199.54234,44.254767
199.79317,53.879995;199.88006,53.281436
199.8608,33.133169;199.66771,33.760691
199.88006,53.281436;200.12141,53.773799
20.048908,73.993606;20.221186,74.445837
20.221186,74.445837;20.479604,74.208954
20.479604,74.208954;20.630348,74.575046
20.630348,74.575046;20.845696,74.058211
20.845696,74.058211;20.95337,74.811929
20.95337,74.811929;21.104114,68.136138
200.01526,33.71242;199.8608,33.133169
200.12141,53.773799;200.30484,53.329707
200.218,33.29729;200.01526,33.71242
200.30484,53.329707;200.53654,53.609678
200.44983,38.597418;200.61395,39.234594
200.53654,53.609678;200.54624,53.233165
200.54624,53.233165;200.86483,53.05939
200.57521,33.702766;200.218,33.29729
200.59464,43.347274;199.74508,43.598283
200.61395,39.234594;201.13528,39.784882
200.67188,42.739061;200.59464,43.347274
200.69106,33.490374;200.57521,33.702766
200.86483,53.05939;201.00964,53.493828
200.95172,33.837924;200.69106,33.490374
201.00964,53.493828;201.20273,53.271782
201.04839,42.449436;200.67188,42.739061
201.09666,42.053614;201.04839,42.449436
201.13515,33.393832;200.95172,33.837924
201.13528,39.784882;201.41525,40.431712
201.1739,41.001309;201.46352,41.368168
201.20273,53.271782;201.46339,53.484174
201.21238,33.741382;201.13515,33.393832
201.41525,40.431712;201.1739,41.001309
201.44408,33.577261;201.21238,33.741382
201.46339,53.484174;201.73371,52.721494
201.46352,41.368168;201.09666,42.053614
201.6082,33.808962;201.44408,33.577261
201.73371,52.721494;201.93645,53.126969
201.75302,33.606224;201.6082,33.808962
201.85921,34.272362;201.75302,33.606224
201.93645,53.126969;202.03299,52.702185
202.03299,52.702185;202.4095,52.673223
202.06195,33.857233;201.85921,34.272362
202.10057,52.451177;202.73774,52.41256
202.11022,34.262708;202.06195,33.857233
202.3033,34.610259;202.43846,34.397867
202.38054,51.891234;203.74178,51.543684
202.4095,52.673223;202.10057,52.451177
202.43846,34.397867;202.11022,34.262708
202.56397,34.986772;202.88255,34.648875
202.73774,52.41256;202.38054,51.891234
202.88255,34.648875;202.3033,34.610259
202.93083,35.189509;202.56397,34.986772
202.96944,51.331292;203.46181,51.1189
203.04668,35.546714;203.86728,35.46948
203.32665,50.829275;204.00244,50.867891
203.46181,51.1189;203.32665,50.829275
203.53904,36.125965;203.65489,35.88461
203.54869,50.501033;203.87694,50.172791
203.63558,39.582157;204.07967,39.418036
203.65489,35.88461;203.04668,35.546714
203.66454,42.439793;204.04106,42.169476
203.69351,38.201609;204.20518,38.037488
203.70316,39.987632;204.34034,39.77524
203.72247,36.618324;204.11829,36.135615
203.72247,39.109102;204.33068,39.070485
203.74178,51.543684;202.96944,51.331292
203.77074,40.383453;204.02175,40.209678
203.79005,40.817891;204.12794,40.615154
203.80936,41.966739;204.3693,41.850889
203.82866,41.648151;204.31137,41.48403
203.82866,43.762416;204.38861,43.463136
203.86728,35.46948;202.93083,35.189509
203.87694,36.850024;203.72247,36.618324
203.87694,50.172791;204.65892,49.989361
203.88659,41.223367;204.15691,40.95305
203.9059,46.021494;204.52377,45.59671
203.91555,37.805788;204.45619,37.632012
204.00244,50.867891;203.54869,50.501033
204.01209,38.906364;204.33068,38.674664
204.02175,40.209678;203.70316,39.987632
204.0314,43.192819;204.48515,43.038353
204.04106,42.169476;203.80936,41.966739
204.07967,37.4872;204.34999,37.361695
204.07967,39.418036;203.72247,39.109102
204.08933,42.932157;204.54307,42.700456
204.08933,49.574231;204.63962,49.47769
204.11829,36.135615;203.53904,36.125965
204.12794,38.529851;204.51411,38.346422
204.12794,40.615154;203.77074,40.383453
204.1376,44.196854;204.37895,43.926537
204.15691,40.95305;203.79005,40.817891
204.16656,45.316739;204.42722,44.930572
204.16656,46.504203;204.59134,46.224231
204.20518,37.245845;204.39826,37.033453
204.20518,38.037488;203.91555,37.805788
204.20518,44.776105;204.38861,44.370629
204.24379,49.139793;204.55273,48.811551
204.29206,47.807517;205.41195,47.739938
204.31137,41.48403;203.88659,41.223367
204.33068,38.674664;204.12794,38.529851
204.33068,39.070485;204.01209,38.906364
204.34034,39.77524;203.63558,39.582157
204.34999,37.361695;204.20518,37.245845
204.3693,41.850889;203.82866,41.648151
204.37895,43.926537;203.82866,43.762416
204.38861,43.463136;204.0314,43.192819
204.38861,44.370629;204.1376,44.196854
204.39826,37.033453;203.87694,36.850024
204.41757,47.35377;204.82304,47.131724
204.42722,44.930572;204.20518,44.776105
204.45619,37.632012;204.07967,37.4872
204.46584,46.919332;204.70719,46.745557
204.48515,43.038353;204.08933,42.932157
204.51411,38.346422;203.69351,38.201609
204.52377,45.59671;204.16656,45.316739
204.54307,42.700456;203.66454,42.439793
204.55273,48.811551;205.33472,48.570197
204.58169,48.232301;204.29206,47.807517
204.59134,46.224231;203.9059,46.021494
204.63962,49.47769;204.24379,49.139793
204.65892,49.989361;204.08933,49.574231
204.70719,46.745557;204.16656,46.504203
204.82304,47.131724;204.46584,46.919332
205.33472,48.570197;204.58169,48.232301
205.41195,47.739938;204.41757,47.35377
21.104114,68.136138;37.212151,86.0531
21.793227,58.962309;19.445933,59.737562
22.374667,60.082119;21.793227,58.962309
22.783829,65.982657;22.374667,60.082119
23.398211,66.873053;30.693071,70.383836
23.803367,58.521595;26.958211,57.564676
24.296779,59.553274;23.803367,58.521595
26.529255,52.992484;29.777735,53.05851
26.568871,52.120941;26.529255,52.992484
26.687718,50.879652;19.900243,50.034519
26.748885,56.129297;29.91868,55.680741
26.780154,50.021313;26.687718,50.879652
26.958211,57.564676;26.748885,56.129297
27.097079,34.980586;49.136565,27.189515
27.287152,58.686066;24.296779,59.553274
27.346959,58.985103;27.287152,58.686066
27.612082,50.153365;26.780154,50.021313
27.638191,46.954774;28.301508,47.165829
27.78375,49.242206;27.612082,50.153365
27.812967,65.044082;23.398211,66.873053
28.140704,47.557789;28.904523,47.979899
28.301508,47.165829;28.140704,47.557789
28.417599,50.325033;28.628883,49.545926
28.469018,62.020252;29.201202,63.269271
28.576693,64.690568;29.653433,63.915315
28.628883,49.545926;27.78375,49.242206
28.78392,44.341709;27.638191,46.954774
28.822055,73.369052;31.302727,70.909402
28.904523,47.979899;29.175879,47.467337
29.175879,47.467337;30.633166,48.030151
29.201202,63.269271;22.783829,65.982657
29.537688,44.623116;28.78392,44.341709
29.653433,63.915315;29.99799,64.51829
29.777735,53.05851;30.028634,50.589137
29.809045,44.100503;29.537688,44.623116
29.91868,55.680741;30.471899,58.058088
29.99799,64.51829;32.668306,62.623227
30.028634,50.589137;28.417599,50.325033
30.471899,58.058088;27.346959,58.985103
30.502513,45.135678;30.78392,44.603015
30.530432,41.622804;31.230308,42.137806
30.633166,48.030151;31.678392,45.859296
30.693071,70.383836;27.812967,65.044082
30.78392,44.603015;29.809045,44.100503
31.019025,42.401911;31.38877,42.745246
31.217103,40.764465;30.530432,41.622804
31.230308,42.137806;31.019025,42.401911
31.277704,35.006517;35.384613,39.426334
31.302727,70.909402;35.84362,72.759395
31.322744,43.03576;31.639669,43.352685
31.38877,42.745246;31.322744,43.03576
31.397753,60.512815;28.469018,62.020252
31.440822,91.609081;31.69924,91.802894
31.462357,92.27666;37.405964,92.018242
31.505427,91.996707;31.785379,92.125916
31.526961,69.665109;28.576693,64.690568
31.639669,43.352685;32.062236,42.718835
31.642762,34.654496;31.277704,35.006517
31.678392,45.859296;30.502513,45.135678
31.69924,91.802894;31.505427,91.996707
31.732106,40.157026;27.097079,34.980586
31.74231,87.474397;35.984667,87.431327
31.785379,87.043701;32.216075,87.237514
31.785379,92.125916;31.462357,92.27666
31.979192,70.11734;33.465094,68.329951
32.022262,67.037863;33.120537,67.985394
32.062236,42.718835;33.079036,43.577174
32.108401,86.419191;32.474493,86.63454
32.216075,87.237514;31.74231,87.474397
32.431981,39.417534;31.732106,40.157026
32.474493,86.63454;31.785379,87.043701
32.496028,86.096169;33.077468,86.289983
32.668306,62.623227;31.397753,60.512815
33.077468,86.289983;32.108401,86.419191
33.079036,43.577174;34.729687,41.71524
33.120537,67.985394;31.526961,69.665109
33.465094,68.329951;34.175743,68.932926
34.175743,68.932926;36.135411,66.370284
34.348022,64.755173;32.022262,67.037863
34.519193,77.069039;38.156112,78.540624
34.654496,38.265969;31.642762,34.654496
34.729687,41.71524;32.431981,39.417534
34.902214,37.379398;35.514991,38.226856
35.384613,39.426334;35.99739,38.996086
35.514991,38.226856;34.654496,38.265969
35.68318,91.436802;31.440822,91.609081
35.84362,72.759395;33.636242,76.690631
35.984667,87.431327;35.68318,91.436802
35.99739,38.996086;36.766621,40.052149
36.135411,66.370284;34.348022,64.755173
36.642481,73.11678;34.519193,77.069039
36.766621,40.052149;38.878746,38.800519
36.910664,70.634176;38.095078,72.615378
37.212151,86.0531;32.496028,86.096169
37.405964,92.018242;37.492104,89.99397
37.418512,35.906126;34.902214,37.379398
37.492104,89.99397;42.48818,89.735552
37.882817,73.726437;36.642481,73.11678
38.095078,72.615378;31.979192,70.11734
38.156112,78.540624;37.882817,73.726437
38.173426,53.973105;39.532067,54.060759
38.348735,55.441314;38.348735,56.471251
38.348735,56.471251;51.891316,58.772175
38.439635,67.813116;36.910664,70.634176
38.878746,38.800519;37.418512,35.906126
38.913401,73.046075;38.439635,67.813116
39.48824,55.331746;38.348735,55.441314
39.532067,54.060759;39.48824,55.331746
39.816943,56.646559;40.145647,53.381439
40.145647,53.381439;43.103978,53.403352
40.410914,34.757346;41.37884,37.903106
41.24685,28.399831;41.796808,34.405373
41.37884,37.903106;43.710662,37.331149
41.411439,81.896881;41.90674,82.004555
41.497578,85.536264;38.913401,73.046075
41.548115,50.00675;38.173426,53.973105
41.613855,49.349343;41.548115,50.00675
41.796808,34.405373;40.410914,34.757346
41.885205,79.420378;41.411439,81.896881
41.90674,82.004555;41.497578,85.536264
41.983635,94.209697;42.207044,94.4331055
42.000821,94.6049583;45.540988,94.5362171
42.069562,93.711324;42.29297,94.055029
42.122088,86.354587;43.844873,72.830726
42.165157,79.463448;41.885205,79.420378
42.207044,94.4331055;42.000821,94.6049583
42.29297,94.055029;41.983635,94.209697
42.478756,28.267841;41.24685,28.399831
42.48818,89.735552;42.122088,86.354587
42.660458,72.636913;43.155759,72.723052
42.705417,101.685293;57.69098,101.8915163
42.825714,99.9323946;43.684978,100.4823235
43.014752,100.8947702;43.324087,101.2900316
43.028714,34.163391;42.478756,28.267841
43.082064,56.580819;39.816943,56.646559
43.103978,53.403352;43.257373,53.885451
43.147805,55.024956;43.082064,56.580819
43.155759,72.723052;42.165157,79.463448
43.257373,53.885451;44.922803,53.797796
43.263433,69.449761;42.660458,72.636913
43.314692,34.141393;43.028714,34.163391
43.324087,101.2900316;42.705417,101.685293
43.684978,100.4823235;43.014752,100.8947702
43.710662,37.331149;43.314692,34.141393
43.828073,19.08152;18.632543,43.590379
43.844873,72.830726;45.589192,72.873796
44.158203,16.968687;43.828073,19.08152
44.630168,89.552486;45.867508,89.552486
44.922803,51.672181;48.889158,51.628354
44.922803,53.797796;44.922803,51.672181
45.141939,56.274029;45.185766,54.981129
45.185766,54.981129;43.147805,55.024956
45.420691,99.898024;42.825714,99.9323946
45.540988,94.5362171;45.420691,99.898024
45.589192,72.873796;45.696866,69.643575
45.67847,93.694138;42.069562,93.711324
45.696866,69.643575;43.263433,69.449761
45.867508,89.552486;45.67847,93.694138
46.004991,86.734101;51.469909,84.328162
46.022176,88.452629;46.004991,86.734101
46.25783,4.37092;46.931296,16.915867
46.323856,37.185855;48.766819,37.383933
46.442703,33.897759;46.323856,37.185855
46.931296,16.915867;44.158203,16.968687
47.603222,99.9495799;47.912557,90.37738
47.912557,90.37738;55.938082,90.549233
48.304637,34.029811;46.442703,33.897759
48.359374,69.480081;48.754635,72.676543
48.754635,72.676543;49.321749,72.659358
48.766819,37.383933;50.219391,27.400799
48.889158,51.628354;49.130207,52.965081
48.995229,82.98771;44.630168,89.552486
49.108294,56.252115;45.141939,56.274029
49.130207,52.965081;49.941009,53.052735
49.136565,27.189515;48.304637,34.029811
49.152121,54.937302;49.108294,56.252115
49.321749,72.659358;48.995229,82.98771
49.532721,19.477676;60.017653,19.05511
49.875269,51.935144;50.795638,51.957057
49.941009,53.052735;49.875269,51.935144
50.00916,88.435443;46.022176,88.452629
50.050577,54.937302;49.152121,54.937302
50.050577,55.791931;50.050577,54.937302
50.112272,86.510692;50.00916,88.435443
50.219391,27.400799;50.972088,27.427209
50.549522,25.644506;49.532721,19.477676
50.642243,55.770017;50.050577,55.791931
50.662201,68.895782;48.359374,69.480081
50.664157,54.477117;50.642243,55.770017
50.795638,51.957057;50.861379,53.096562
50.861379,53.096562;51.825576,49.08638
50.972088,27.427209;51.064525,25.604891
51.064525,25.604891;50.549522,25.644506
51.315242,88.383887;51.452724,86.510692
51.354465,38.033502;52.442309,34.995748
51.409218,54.43329;50.664157,54.477117
51.452724,86.510692;50.112272,86.510692
51.469909,84.328162;51.641762,72.023502
51.641762,72.023502;50.662201,68.895782
51.825576,49.08638;41.613855,49.349343
51.891316,58.772175;52.176193,55.287919
52.176193,55.287919;51.409218,54.43329
52.442309,34.995748;55.151657,36.165694
52.873637,25.472839;52.979279,27.281952
52.931599,6.991485;53.096752,16.487794
52.979279,27.281952;63.160492,26.687718
53.096752,16.487794;61.932448,16.01986
53.224832,68.005783;55.235846,66.732141
53.571204,39.039245;51.354465,38.033502
53.68681,88.435443;51.315242,88.383887
53.703995,87.146547;53.68681,88.435443
54.599025,70.888237;53.224832,68.005783
54.830861,4.706866;54.913438,6.908909
54.913438,6.908909;52.931599,6.991485
55.151657,36.165694;53.571204,39.039245
55.235846,66.732141;57.079275,69.396735
55.84952,40.455495;57.676277,42.056474
55.903711,87.094992;53.703995,87.146547
55.938082,90.549233;55.903711,87.094992
56.977852,4.651815;54.830861,4.706866
57.060429,6.798807;56.977852,4.651815
57.079275,69.396735;54.599025,70.888237
57.112508,20.507682;57.27097,25.19553
57.27097,25.19553;52.873637,25.472839
57.330652,65.039538;59.609801,67.385721
57.676277,42.056474;60.016169,39.819209
57.69098,101.8915163;57.725351,100.1042474
57.725351,100.1042474;47.603222,99.9495799
57.881531,37.889825;55.84952,40.455495
58.393413,20.37563;57.112508,20.507682
58.53867,25.169119;58.393413,20.37563
58.922704,63.229626;57.330652,65.039538
59.00333,101.883954;65.866948,101.9519106
59.122254,88.275642;59.156233,90.144449
59.156233,90.144449;59.648918,90.144449
59.190211,100.117082;59.00333,101.883954
59.341077,44.150709;60.616805,46.176091
59.609801,67.385721;61.503505,65.207123
59.631929,91.197776;60.158593,91.180787
59.648918,90.144449;59.631929,91.197776
60.016169,39.819209;57.881531,37.889825
60.017653,19.05511;60.1365,25.155914
60.1365,25.155914;58.53867,25.169119
60.158593,91.180787;60.226549,90.144449
60.226549,90.144449;61.279877,90.093481
60.36339,60.987448;61.02527,61.308932
60.393224,47.991044;66.45622,47.88583
60.616805,46.176091;60.393224,47.991044
60.889126,93.423356;64.507816,93.491312
60.940094,91.554549;60.889126,93.423356
61.006359,63.389124;63.237838,63.483678
61.02527,61.308932;61.006359,63.389124
61.279877,89.413915;62.910836,89.227035
61.279877,90.093481;61.279877,89.413915
61.403486,58.737058;60.36339,60.987448
61.45702,22.831798;61.509841,20.137936
61.503505,65.207123;58.922704,63.229626
61.509841,20.137936;62.39459,20.137936
61.574616,7.624573;61.602142,6.71623
61.602142,6.71623;57.060429,6.798807
61.687617,91.52057;60.940094,91.554549
61.721595,92.302071;61.687617,91.52057
61.932448,15.028941;63.391302,15.001415
61.932448,16.01986;61.932448,15.028941
62.063507,42.269996;59.341077,44.150709
62.095356,96.6173164;62.146324,97.3648392
62.146324,97.3648392;63.046749,97.4158066
62.352848,39.665933;62.536973,43.072258
62.367939,59.115275;61.403486,58.737058
62.39459,20.137936;62.447411,20.573708
62.447411,20.573708;63.562117,20.548236
62.500231,22.897824;61.45702,22.831798
62.536973,43.072258;62.063507,42.269996
62.539847,22.039486;62.500231,22.897824
62.839465,39.310833;62.352848,39.665933
62.878921,38.469116;62.839465,39.310833
62.893847,100.2529953;59.190211,100.117082
62.893847,89.787677;64.286957,89.906601
62.910836,89.227035;62.893847,89.787677
62.944814,90.841004;62.995781,92.285082
62.978419,7.597047;61.574616,7.624573
62.995781,92.285082;61.721595,92.302071
63.010948,75.268872;63.297836,79.167936
63.03347,8.450339;62.978419,7.597047
63.046749,97.4158066;62.893847,100.2529953
63.124373,67.719706;66.358126,67.417132
63.160492,26.687718;63.305749,29.606068
63.237838,63.483678;63.124373,67.719706
63.297836,79.167936;65.958066,79.128815
63.305749,29.606068;64.811142,29.4344
63.391302,15.001415;63.446353,13.845343
63.446353,13.845343;66.556738,13.845343
63.503827,18.72498;68.310521,18.526901
63.562117,20.548236;63.503827,18.72498
63.596263,25.169119;63.675494,22.039486
63.675494,22.039486;62.539847,22.039486
63.84084,85.770025;72.572435,85.712769
64.041237,83.164861;63.84084,85.770025
64.286957,89.906601;64.303946,90.790037
64.303946,90.790037;62.944814,90.841004
64.443989,46.09718;64.457141,41.730771
64.457141,41.730771;65.653958,41.730771
64.507816,93.491312;64.524805,96.6003273
64.524805,96.6003273;62.095356,96.6173164
64.65268,25.129504;63.596263,25.169119
64.811142,29.4344;64.65268,25.129504
64.939813,65.563871;64.958724,58.907256
64.958724,58.907256;62.367939,59.115275
65.154188,38.377053;62.878921,38.469116
65.180492,39.13986;65.154188,38.377053
65.544155,88.037794;59.122254,88.275642
65.575047,39.13986;65.180492,39.13986
65.646089,96.8891429;65.544155,88.037794
65.653958,41.730771;65.575047,39.13986
65.866948,101.9519106;65.866948,98.6050474
65.866948,98.6050474;68.687148,98.8598847
65.945026,76.429463;66.85785,76.442503
65.958066,79.128815;65.945026,76.429463
66.17138,8.285185;63.03347,8.450339
66.281483,8.780645;66.17138,8.285185
66.301393,54.841426;66.509412,62.178831
66.339215,66.830897;69.459503,66.093374
66.358126,67.417132;66.339215,66.830897
66.45622,47.88583;66.521979,51.97605
66.488203,29.447605;67.716287,29.40799
66.501408,24.337191;66.488203,29.447605
66.509412,62.178831;68.551783,62.178831
66.521979,51.97605;68.336932,52.147024
66.556738,13.239781;66.281483,8.780645
66.556738,13.845343;66.556738,13.239781
66.85785,76.442503;66.87089,75.268872
66.87089,75.268872;63.010948,75.268872
66.969141,40.257766;67.008597,41.849138
67.008597,41.849138;67.692492,41.849138
67.666189,46.149787;64.443989,46.09718
67.689877,29.975813;68.812319,30.002224
67.692492,41.849138;67.666189,46.149787
67.716287,29.40799;67.689877,29.975813
68.073896,48.162018;69.46799,48.148866
68.125648,3.72387;46.25783,4.37092
68.165264,6.972348;68.125648,3.72387
68.173566,54.860337;66.301393,54.841426
68.310521,18.526901;68.508599,24.23155
68.324853,58.963989;68.173566,54.860337
68.336932,52.147024;68.073896,48.162018
68.508599,24.23155;66.501408,24.337191
68.53501,15.357652;71.202461,12.690201
68.551783,62.178831;68.551783,65.582781
68.551783,65.582781;64.939813,65.563871
68.687148,97.0080669;65.646089,96.8891429
68.687148,98.8598847;68.687148,97.0080669
68.812319,30.002224;68.825524,30.477611
68.825524,30.477611;71.070409,30.464406
69.440592,66.585056;72.731078,66.358126
69.459503,66.093374;69.440592,66.585056
69.46799,45.886751;87.4597,42.822373
69.46799,48.148866;69.46799,45.886751
69.724255,58.907256;68.324853,58.963989
69.724255,60.193193;69.724255,58.907256
69.749888,19.332419;72.74747,19.239982
69.789504,24.165524;69.749888,19.332419
69.878243,73.546173;69.940764,76.088716
69.940764,76.088716;70.732704,75.963673
70.396693,97.0495281;70.396693,98.7385907
70.396693,98.7385907;71.255539,98.5954498
70.711863,73.40029;69.878243,73.546173
70.732704,75.963673;70.753544,76.568048
70.753544,76.568048;73.212725,76.568048
70.816066,72.60835;70.711863,73.40029
71.043998,8.556972;68.165264,6.972348
71.070409,30.464406;71.096819,29.817351
71.096819,29.817351;72.681444,29.790941
71.202461,12.690201;71.043998,8.556972
71.255539,98.5954498;71.255539,99.7692052
71.255539,99.7692052;84.653526,99.8837179
71.572207,15.212395;68.53501,15.357652
71.598617,16.18958;71.572207,15.212395
71.672071,60.249925;69.724255,60.193193
71.690982,60.968537;71.672071,60.249925
72.409593,60.911805;71.690982,60.968537
72.429294,96.9922718;70.396693,97.0495281
72.466326,61.649327;72.409593,60.911805
72.572435,85.712769;72.429294,96.9922718
72.575802,24.23155;69.789504,24.165524
72.681444,16.902661;72.694649,16.229196
72.681444,25.961431;72.575802,24.23155
72.681444,29.790941;72.734265,28.787345
72.694649,16.229196;71.598617,16.18958
72.721059,17.615742;73.302088,17.602537
72.731078,66.358126;72.78781,65.752979
72.734265,28.787345;73.579398,28.787345
72.74747,19.239982;72.721059,17.615742
72.78781,65.752979;73.69553,65.715157
73.129363,72.524988;70.816066,72.60835
73.129363,73.087682;73.129363,72.524988
73.212725,76.568048;73.296087,76.088716
73.275678,16.902661;72.681444,16.902661
73.296087,76.088716;74.796604,75.921992
73.302088,17.602537;73.275678,16.902661
73.374046,61.668238;72.466326,61.649327
73.374046,62.61378;73.374046,61.668238
73.579398,28.787345;73.605808,25.868995
73.605808,25.868995;72.681444,25.961431
73.638798,64.958724;88.143409,64.259023
73.69553,65.715157;73.638798,64.958724
73.979069,41.191546;66.969141,40.257766
74.025505,74.150548;74.067186,73.171044
74.067186,73.171044;73.129363,73.087682
74.422284,96.7232614;74.486551,85.79771
74.486551,85.79771;84.191012,85.861978
74.734083,74.192229;74.025505,74.150548
74.796604,75.921992;74.734083,74.192229
77.279713,15.96229;77.310588,17.351657
77.310588,17.351657;77.958959,17.33622
77.693435,77.005699;79.756646,77.04738
77.714276,75.296776;77.693435,77.005699
77.958959,17.33622;77.958959,18.000029
77.958959,18.000029;78.499269,18.000029
78.020709,15.96229;77.279713,15.96229
78.036146,15.298481;78.020709,15.96229
78.499269,14.742734;78.514706,15.313918
78.499269,18.000029;78.514706,18.849087
78.514706,15.313918;78.036146,15.298481
78.514706,18.849087;80.274572,18.787337
78.559995,24.894913;78.626619,27.426599
78.626619,27.426599;79.848046,27.471015
79.440951,15.252169;79.471826,14.727296
79.471826,14.727296;78.499269,14.742734
79.694125,75.109212;77.714276,75.296776
79.756646,77.04738;79.694125,75.109212
79.848046,27.471015;79.85915,24.850497
79.85915,24.850497;78.559995,24.894913
79.919511,15.236731;79.440951,15.252169
79.934949,16.039477;79.919511,15.236731
80.274572,18.787337;80.305447,17.953717
80.305447,17.953717;83.223118,17.907404
80.614195,16.008602;79.934949,16.039477
80.64507,16.456287;80.614195,16.008602
83.207681,18.432277;84.581611,18.401402
83.222366,20.371965;83.358406,30.608962
83.223118,17.907404;83.207681,18.432277
83.358406,30.608962;84.276675,30.540942
83.460436,32.547529;83.562466,35.472386
83.562466,35.472386;84.480735,35.438376
84.062476,90.232199;86.311854,90.48927
84.126744,97.0446011;74.422284,96.7232614
84.191012,85.861978;84.062476,90.232199
84.276675,30.540942;84.310685,32.513519
84.310685,20.235925;83.222366,20.371965
84.310685,32.513519;83.460436,32.547529
84.383816,93.574132;84.126744,97.0446011
84.480735,35.438376;84.310685,20.235925
84.557608,32.55508;86.251792,32.572913
84.557608,33.109702;86.251792,33.127535
84.557608,33.664326;86.251792,33.682159
84.557608,34.218948;86.251792,34.236781
84.557608,34.773569;86.251792,34.791402
84.557608,35.328192;86.251792,35.346025
84.566174,17.799343;87.591908,17.722155
84.581611,18.401402;84.566174,17.799343
84.653526,98.938988;86.428474,98.9676162
84.653526,99.8837179;84.653526,98.938988
86.017291,15.452855;86.032728,16.209289
86.032728,16.209289;80.64507,16.456287
86.183318,94.6024191;86.247586,93.574132
86.218855,34.799862;86.218855,35.358314
86.218855,35.358314;87.511569,35.337631
86.247586,93.574132;84.383816,93.574132
86.2493,35.336775;86.2518,32.5729
86.251792,32.572913;83.222366,20.371965
86.251792,33.127535;84.557608,32.55508
86.251792,33.682159;84.557608,33.109702
86.251792,34.236781;84.557608,33.664326
86.251792,34.791402;84.557608,34.218948
86.251792,35.346025;84.557608,34.773569
86.2518,32.5729;86.218855,35.358314
86.256705,99.7978334;88.232049,99.7978334
86.311854,89.846591;87.982821,89.910859
86.311854,90.48927;86.311854,89.846591
86.386745,24.332074;86.502362,26.959728
86.428474,98.9676162;86.256705,99.7978334
86.502362,26.959728;87.395764,26.812579
86.588476,14.186987;86.603913,15.375668
86.603913,15.375668;86.017291,15.452855
87.232803,10.700109;91.64071,10.447748
87.232803,9.455127;87.232803,10.700109
87.311333,61.743882;87.311333,62.178831
87.311333,62.178831;73.374046,62.61378
87.356443,34.779178;86.218855,34.799862
87.395764,26.812579;87.416785,27.264535
87.416785,27.264535;88.320698,27.211982
87.420244,39.600174;87.433396,40.520802
87.433396,40.520802;73.979069,41.191546
87.439177,32.85562;87.356443,34.779178
87.4597,42.822373;87.472852,43.414206
87.472852,43.414206;88.169899,43.545724
87.479849,24.216457;86.386745,24.332074
87.49036,23.711948;87.479849,24.216457
87.511569,35.337631;87.956263,35.606515
87.591908,17.722155;90.154519,17.984592
87.918553,94.5381512;86.183318,94.6024191
87.956263,35.606515;87.976946,36.23736
87.976946,36.23736;90.986384,36.133943
87.982821,89.910859;88.175624,85.540638
87.982821,95.952046;87.918553,94.5381512
88.110486,23.690926;87.49036,23.711948
88.142018,23.333565;88.110486,23.690926
88.143409,64.259023;88.143409,64.901991
88.143409,64.901991;89.07004,64.920902
88.169899,43.545724;88.235658,44.650478
88.175624,85.540638;97.687281,85.540638
88.214806,32.348876;88.235489,32.85562
88.232049,99.7978334;88.317933,98.2805398
88.235489,32.85562;87.439177,32.85562
88.235658,44.650478;91.40525,44.637326
88.317933,98.2805398;89.63483,98.309168
88.320698,27.211982;88.383762,27.884662
88.383762,27.884662;90.612012,27.527301
88.590757,39.679085;87.420244,39.600174
88.630213,38.982038;88.590757,39.679085
88.681017,73.36324;88.713436,75.17868
88.710735,59.947352;88.748556,60.987448
88.713436,75.17868;89.280761,75.211099
88.748556,60.987448;87.311333,61.743882
88.835308,31.780082;88.835308,32.317851
88.835308,32.317851;88.214806,32.348876
89.032219,65.752979;92.247061,65.507138
89.07004,64.920902;89.032219,65.752979
89.280761,75.211099;89.426645,77.23726
89.29697,71.709892;89.329389,73.298403
89.329389,73.298403;88.681017,73.36324
89.426645,77.23726;92.652293,77.042748
89.606201,99.425667;90.636816,99.3684107
89.63483,98.309168;89.606201,99.425667
9.3492845,48.885666;10.300059,49.202591
9.3624898,48.093354;10.247238,48.397073
90.154519,17.984592;90.169956,17.305345
90.169956,17.305345;94.816619,17.243595
90.22312,23.144374;88.142018,23.333565
90.231706,14.032613;86.588476,14.186987
90.247143,15.622667;90.231706,14.032613
90.296694,23.75399;90.22312,23.144374
90.493675,99.9696024;91.238008,100.1986279
90.612012,27.527301;90.633034,27.127897
90.633034,27.127897;91.127032,27.106876
90.636816,99.3684107;90.493675,99.9696024
90.986384,36.133943;91.027751,35.606515
91.027751,35.606515;100.387,35.844375
91.066239,102.3171131;91.66743,102.2312286
91.116522,25.835092;91.610521,25.793049
91.127032,27.106876;91.116522,25.835092
91.129062,38.824216;88.630213,38.982038
91.221124,39.297682;91.129062,38.824216
91.238008,100.1986279;91.066239,102.3171131
91.286294,31.749057;88.835308,31.780082
91.306977,32.710836;91.286294,31.749057
91.40525,44.637326;91.431554,44.01919
91.431554,44.01919;93.746277,44.032342
91.473883,23.627863;90.296694,23.75399
91.610521,25.793049;91.473883,23.627863
91.64071,10.447748;91.657534,11.877793
91.657534,11.877793;93.272645,11.760025
91.66743,102.2312286;91.896456,97.3930663
91.88351,15.560917;90.247143,15.622667
91.896456,97.3930663;99.397039,97.3358099
91.898947,13.862801;91.88351,15.560917
91.953613,39.764404;97.2153,39.636778
92.039042,59.814976;88.710735,59.947352
92.095774,60.306658;92.039042,59.814976
92.141753,40.455043;92.19436,39.245074
92.169347,39.254774;97.970352,39.078392
92.19436,39.245074;91.221124,39.297682
92.247061,64.561596;93.930125,64.580507
92.247061,65.507138;92.247061,64.561596
92.311898,71.401916;89.29697,71.709892
92.328107,72.163752;92.311898,71.401916
92.331798,65.005982;98.221418,65.199696
92.562827,40.424377;96.452869,40.343983
92.652293,75.87568;94.257013,75.64875
92.652293,77.042748;92.652293,75.87568
92.683802,9.13547;87.232803,9.455127
92.700626,9.808433;92.683802,9.13547
92.865104,41.125787;92.878256,40.415588
92.878256,40.415588;92.141753,40.455043
93.272645,11.760025;93.289469,10.111266
93.289469,10.111266;92.700626,9.808433
93.54653,41.121722;96.542558,41.053314
93.746277,44.032342;93.77258,41.138938
93.77258,41.138938;92.865104,41.125787
93.847091,64.446474;97.617695,64.576744
93.895663,63.714908;97.036714,63.801652
93.930125,64.580507;94.062501,62.916353
94.004391,62.994779;97.085382,63.030713
94.062501,62.916353;94.516361,62.954175
94.257013,75.64875;94.354268,72.244799
94.260872,14.974295;91.898947,13.862801
94.27631,15.406543;94.260872,14.974295
94.308342,60.060817;92.095774,60.306658
94.354268,72.244799;92.328107,72.163752
94.516361,62.954175;94.308342,60.060817
94.816619,17.243595;94.940118,15.452855
94.940118,15.452855;94.27631,15.406543
95.278195,34.923962;95.30922,32.669469
95.30922,32.669469;91.306977,32.710836
96.174914,15.852189;96.223185,17.242391
96.223185,17.242391;96.223199,17.242363
96.223199,17.242363;109.73905,17.087896
96.452869,40.343983;96.518579,41.183654
96.484632,40.960872;96.594624,44.194625
96.518579,41.183654;93.54653,41.121722
96.542558,41.053314;96.593165,41.767792
96.593165,41.767792;59.341077,44.150709
96.594624,44.194625;99.036437,44.084634
96.847439,60.12373;97.038459,63.052713
96.860365,15.224668;96.870015,15.832881
96.870015,15.832881;96.174914,15.852189
97.036714,63.801652;97.111737,62.895659
97.038459,63.052713;104.82255,62.575161
97.044601,95.952046;87.982821,95.952046
97.085382,63.030713;61.403486,58.737058
97.111737,62.895659;94.004391,62.994779
97.2153,39.636778;97.30418,40.969753
97.281203,23.498837;97.297798,25.556645
97.297798,25.556645;100.16877,25.988121
97.30418,40.969753;92.562827,40.424377
97.352728,14.568184;97.38169,15.195705
97.38169,15.195705;96.860365,15.224668
97.398246,34.903279;95.278195,34.923962
97.470638,32.61776;97.398246,34.903279
97.617695,64.576744;97.711754,62.994997
97.687281,85.540638;97.044601,95.952046
97.711754,62.994997;93.895663,63.714908
97.825783,10.445849;99.022901,10.474812
97.825783,9.422506;97.825783,10.445849
97.970352,39.078392;98.068342,40.920603
98.068342,40.920603;91.953613,39.764404
98.125062,13.670345;98.154025,14.49095
98.154025,14.49095;97.352728,14.568184
98.221418,65.199696;98.379699,62.980485
98.379699,62.980485;93.847091,64.446474
98.624078,95.0169274;98.824475,87.344575
98.646388,8.727406;98.646388,9.345273
98.646388,9.345273;97.825783,9.422506
98.824475,87.344575;99.511552,87.373204
99.014439,44.65659;100.40033,44.590595
99.022901,10.474812;99.022901,13.602766
99.022901,13.602766;98.125062,13.670345
99.036437,44.084634;99.014439,44.65659
99.397039,97.3358099;99.54018,95.2459528
99.511552,87.373204;99.54018,85.369231
99.54018,85.369231;118.83557,85.168834
99.54018,95.2459528;98.624078,95.0169274
99.553564,59.93271;96.847439,60.12373
99.563535,8.080576;99.563535,8.688789
99.563535,8.688789;98.646388,8.727406
99.617237,59.311893;99.553564,59.93271
99.89553,74.898491;100.02289,76.403639
