# view point P
0,0
# Lines
-2,-9;-2,-8
-2,-8;-3,-8
-2,-9;-3,-9
-6,-6;-6,-5
-5,-5;-6,-5
-5,-6;-5,-5
-5,-6;-6,-6
2,-8;2,-9
3,-8;2,-8
3,-8;3,-9
5,-5;5,-6
6,-5;5,-5
6,-5;6,-6
3,-9;2,-9
7,-2;6,-2
7,-1;7,-2
7,-1;6,-1
6,-1;6,-2
-6,-2;-6,-1
-7,-2;-7,-1
-6,-2;-7,-2
-6,-1;-7,-1
-3,-9;-3,-8
6,-6;5,-6
-7,2;-6,2
-6,2;-6,3
-7,3;-6,3
-7,2;-7,3
6,2;7,2
6,3;7,3
6,3;6,2
7,3;7,2
-2,-15;-2,-11
2,-11;2,-15
-1,-16;-2,-15
1,-16;-1,-16
2,-15;1,-16
-2,-11;-6,-11
-6,-11;-8,-9
-8,-9;-8,-5
6,-11;2,-11
8,-9;6,-11
8,-5;8,-9
2,-17;-2,-17
-2,-17;-3,-16
-3,-16;-3,-12
-3,-12;-7,-12
-7,-12;-9,-10
3,-16;2,-17
3,-12;3,-16
7,-12;3,-12
9,-10;7,-12
10,-5;8,-5
10,-2;9,-2
11,-4;10,-5
11,-3;11,-4
10,-2;11,-3
9,-6;9,-10
11,-6;9,-6
12,-5;11,-6
12,10;12,-5
10,-1;9,-1
9,-1;9,-2
11,0;10,-1
11,1;11,0
10,2;11,1
11,4;10,3
-9,-10;-9,-6
-9,-6;-11,-6
-11,-6;-12,-5
-8,-5;-10,-5
-10,-5;-11,-4
-11,0;-11,1
-11,-4;-11,-3
-9,-2;-10,-2
-9,-2;-9,-1
-9,-1;-10,-1
-10,-1;-11,0
-11,-3;-10,-2
-11,1;-10,2
-12,-5;-12,10
-10,3;-11,4
-10,2;-10,3
-7,6;-6,6
-6,6;-6,7
-7,7;-6,7
-7,6;-7,7
6,6;7,6
7,7;7,6
6,7;6,6
6,7;7,7
10,3;10,2
5,10;6,10
6,11;6,10
5,11;6,11
2,14;3,14
2,14;2,13
2,13;3,13
3,14;3,13
5,11;5,10
-6,10;-5,10
-5,10;-5,11
-3,13;-3,14
-3,13;-2,13
-2,13;-2,14
-3,14;-2,14
-6,10;-6,11
-6,11;-5,11
11,5;11,4
10,6;11,5
9,6;10,6
9,7;9,6
9,7;10,7
11,8;10,7
11,9;11,8
10,10;11,9
8,10;10,10
-11,4;-11,5
-11,5;-10,6
-10,6;-9,6
-9,6;-9,7
-10,7;-9,7
-10,7;-11,8
-11,8;-11,9
-11,9;-10,10
-10,10;-8,10
-8,10;-8,14
-8,14;-6,16
-6,16;-2,16
11,11;12,10
9,11;11,11
9,15;9,11
8,14;8,10
6,16;8,14
2,16;6,16
7,17;9,15
2,17;7,17
2,17;2,16
-12,10;-11,11
-11,11;-9,11
-9,11;-9,15
-9,15;-7,17
-7,17;-2,17
-2,16;-2,17
